Size: 74 79

Field:
   0   0   0   0   0   0   0   0   0   0   0   0   0   0   0   0   0   0   0   0   0   0   0   0   0   0   0   0   0   0   0   0   0   0   0   0   0   0   0   0   0   0   0   0   0   0   0   0   0   0   0   0   0   0   0   0   0   0   0   0   0   0   0   0   0   0   0   0   0   0   0   0   0   0
   0  37  30   0   0   0   0   0   0   0   0   0   0   0   0   0   0   0   0   0   0   0   0   0   0   0   0   0   0   0   0  30  37   0   0   0   0   0   0   0   0  37  30   0   0   0   0   0   0   0   0   0   0   0   0   0   0   0   0   0   0   0   0   0   0   0   0   0   0   0   0  30  37   0
   0   0   0   0   0   0   0   0   0   0   0   0   7   4   0   0   3   0   0   0   8   4   4   0   0   0   0   0   0   0   0   0   0   0   0   0   0   0   0   0   0   0   0   0   0   0   0   0   0   0   0   0   7   4   0   0   3   0   0   0   8   4   4   0   0   0   0   0   0   0   0   0   0   0
   0   0   0   0   0   0   0   0   0   0   0   0   1   7   0   0   0   0   0   0   0   0   0   0   0   0   0   0   0   0   0   0   0   0   0   0   0   0   0   0   0   0   0   0   0   0   0   0   0   0   0   0   1   7   0   0   0   0   0   0   0   0   0   0   0   0   0   0   0   0   0   0   0   0
   0   0   0   0   0   0   0   0   0   0   0   0   0   0   4  11   3   8   0   0   0  15   2   0   0   0   0   0   0   0   0   0   0   0   0   0   0   0   0   0   0   0   0   0   0   0   0   0   0   0   0   0   0   0   4  11   3   8   0   0   0  15   2   0   0   0   0   0   0   0   0   0   0   0
   0   0   0   0   0   0   0   3   0   3   0   0   1   0   0   0  11   0   0   0   0   0   2   0   0   0   0   0   0   0   0   0   0   0   0   0   0   0   0   0   0   0   0   0   0   0   0   3   0   3   0   0   1   0   0   0  11   0   0   0   0   0   2   0   0   0   0   0   0   0   0   0   0   0
   0   0   0   0   0   0   2   1   0   1   2   0   0   0   0   0   0   0   0  15   0   0   0   0   0   0   0   0   0   0   0   0   0   0   0   0   0   0   0   0   0   0   0   0   0   0   2   1   0   1   2   0   0   0   0   0   0   0   0  15   0   0   0   0   0   0   0   0   0   0   0   0   0   0
   0   0   0   0   0   3   2   0   0   0   2   7   0   0   4   0   0   4   0   0   2   0   0   0   0   0   0   0   0   0   0   0   0   0   0   0   0   0   0   0   0   0   0   0   0   3   2   0   0   0   2   7   0   0   4   0   0   4   0   0   2   0   0   0   0   0   0   0   0   0   0   0   0   0
   0   0   0   0   0   0   0   0   0   0   0   0   1   0   0   0   2   0   2   0   2   0   0   0   0   0   0   0   0   0   0   0   0   0   0   0   0   0   0   0   0   0   0   0   0   0   0   0   0   0   0   0   1   0   0   0   2   0   2   0   2   0   0   0   0   0   0   0   0   0   0   0   0   0
   0   0   0   0   0   3   0   0   0   0   3   0   3   0   5   0   2   7   2   6   0   0   6   0   4   0   0   0   0   0   0   0   0   0   0   0   0   0   0   0   0   0   0   0   0   3   0   0   0   0   3   0   3   0   5   0   2   7   2   6   0   0   6   0   4   0   0   0   0   0   0   0   0   0
   0   0   0   0   0   2   2   0   0   2   2   0   0   0   7   0   0   0   7   2   0   2   0   0   4   2   0   0   0   0   0   0   0   0   0   0   0   0   0   0   0   0   0   0   0   2   2   0   0   2   2   0   0   0   7   0   0   0   7   2   0   2   0   0   4   2   0   0   0   0   0   0   0   0
   0   0   0   0   0   0   4   0   0   4   0   0   7   0   0   0   0   0   0   2   0   2   5   0   0   2   1   2   0   0   0   0   0   0   0   0   0   0   0   0   0   0   0   0   0   0   4   0   0   4   0   0   7   0   0   0   0   0   0   2   0   2   5   0   0   2   1   2   0   0   0   0   0   0
   0   0   0   0   0   0   0   0   0   0   0   4   4   7   0   5   0   0   6   0   8   0   0  10   0   0   0   2   1   0   0   0   0   0   0   0   0   0   0   0   0   0   0   0   0   0   0   0   0   0   0   4   4   7   0   5   0   0   6   0   8   0   0  10   0   0   0   2   1   0   0   0   0   0
   0   0   0   0   0   0   0   0   0   0   8   0   0   0   0   0   0   0   0   0   0   0   0   0   1   0   0   0   0   0   0   0   0   0   0   0   0   0   0   0   0   0   0   0   0   0   0   0   0   0   8   0   0   0   0   0   0   0   0   0   0   0   0   0   1   0   0   0   0   0   0   0   0   0
   0   0   0   0   0   0   0   0   0   1   0   0   8   0   0   0  10   0   0   6   0   0   0   0   2   2   0   0   0   0   0   0   0   0   0   0   0   0   0   0   0   0   0   0   0   0   0   0   0   1   0   0   8   0   0   0  10   0   0   6   0   0   0   0   2   2   0   0   0   0   0   0   0   0
   0   0   0   0   0   0   0   0   2   2  13   0   0   0  10   0   0   0   0   0   0   0   5   0   3   0   3   0   0   0   0   0   0   0   0   0   0   0   0   0   0   0   0   0   0   0   0   0   2   2  13   0   0   0  10   0   0   0   0   0   0   0   5   0   3   0   3   0   0   0   0   0   0   0
   0   0   0   0   0   0   0   0   0   0   0   0   0   0   0   0   0   8  12   1   4   0   0   0   0   0   0   3   0   0   0   0   0   0   0   0   0   0   0   0   0   0   0   0   0   0   0   0   0   0   0   0   0   0   0   0   0   8  12   1   4   0   0   0   0   0   0   3   0   0   0   0   0   0
   0   0   0   0   0   0   2   6   6   0   0   0   0   0   0   0   0   0   0   4   0   0   0   0  10   0   3  10   0   0   0   0   0   0   0   0   0   0   0   0   0   0   0   0   0   0   2   6   6   0   0   0   0   0   0   0   0   0   0   4   0   0   0   0  10   0   3  10   0   0   0   0   0   0
   0   0   0   0   0   5   2   0   0   7   0   6   0   0   2  12   0   2   0   4   0   4   2   0  13   0   0   0   0   2   0   0   0   0   0   0   0   0   0   0   0   0   0   0   0   5   2   0   0   7   0   6   0   0   2  12   0   2   0   4   0   4   2   0  13   0   0   0   0   2   0   0   0   0
   0   0   0   0   1   0   5   0   7   6   0   0   8   0   2   0   0   2   0   0   1   2   2   0   0  13   0   7   0   2   3   0   0   0   0   0   0   0   0   0   0   0   0   0   1   0   5   0   7   6   0   0   8   0   2   0   0   2   0   0   1   2   2   0   0  13   0   7   0   2   3   0   0   0
   0   0   0   0   7   0   0   0   0   0   0   0   0  13   0   0   1   0   1   0   0   2  10   0   0   0   0   0   0   3   0   0   0   0   0   0   0   0   0   0   0   0   0   0   7   0   0   0   0   0   0   0   0  13   0   0   1   0   1   0   0   2  10   0   0   0   0   0   0   3   0   0   0   0
   0   0   0   0   2   0   1  11   0   3   0   3   0   3   0   3   0   1   0   2   2   0   0   0   0   0   0   0   0   0   0   7   0   0   0   0   0   0   0   0   0   0   0   0   2   0   1  11   0   3   0   3   0   3   0   3   0   1   0   2   2   0   0   0   0   0   0   0   0   0   0   7   0   0
   0   0   2   0   2   0   0   7   0   0   8   0   0  10   0   0   1   0   1   0   0   0   8   0   0   0   7   0   0   0   0   0   0   0   0   0   0   0   0   0   0   0   2   0   2   0   0   7   0   0   8   0   0  10   0   0   1   0   1   0   0   0   8   0   0   0   7   0   0   0   0   0   0   0
   0   0   2   0   0   0   0   0   7   0   0   0   0   0   7   0   0   2   0   0   6   0   0   6   0   0   0   7   7   0   7   0   0   0   0   0   0   0   0   0   0   0   2   0   0   0   0   0   7   0   0   0   0   0   7   0   0   2   0   0   6   0   0   6   0   0   0   7   7   0   7   0   0   0
   0   0   7   0   5   0   0   0   0   0   0   0   4   0   0   8   0   2   0   7   0   4   0   6   0   6   0   0   0   0   0   0   0   0   0   0   0   0   0   0   0   0   7   0   5   0   0   0   0   0   0   0   4   0   0   8   0   2   0   7   0   4   0   6   0   6   0   0   0   0   0   0   0   0
   0   0   6   6   0   5   0  11   0   0   0   0   4   0   0   0   4   0   7   0   0   0   8   0   0  11   0   0  11  11  11   0   0   0   0   0   0   0   0   0   0   0   6   6   0   5   0  11   0   0   0   0   4   0   0   0   4   0   7   0   0   0   8   0   0  11   0   0  11  11  11   0   0   0
   0   0   0   0   2   3   3   0  10   0   0   0   0   7   0   0   8   0   0   0   0   0   4   0   4   4   0   0   0   0   0   0   0   0   0   0   0   0   0   0   0   0   0   0   2   3   3   0  10   0   0   0   0   7   0   0   8   0   0   0   0   0   4   0   4   4   0   0   0   0   0   0   0   0
   0   0   0   0   2   0   3   3   8   0   4   8   0   0   0   0   0   4   0   0   0   6   4   6   0   0   2   0   0   3   0   3   0   0   0   0   0   0   0   0   0   0   0   0   2   0   3   3   8   0   4   8   0   0   0   0   0   4   0   0   0   6   4   6   0   0   2   0   0   3   0   3   0   0
   0   0   3   0   3   0   0   0   4   0   0   0   0   0   1   0   0   0   0   0   4   0   0   0   0   0   2   0   0   0   0   0   0   0   0   0   0   0   0   0   0   0   3   0   3   0   0   0   4   0   0   0   0   0   1   0   0   0   0   0   4   0   0   0   0   0   2   0   0   0   0   0   0   0
   0   0   0   0   0   9   2   2   0   0   0   0   5   6   0   0   0   3   0   1   0   0   0   2   4   0   0   0   0   4   0   0   0   0   0   0   0   0   0   0   0   0   0   0   0   9   2   2   0   0   0   0   5   6   0   0   0   3   0   1   0   0   0   2   4   0   0   0   0   4   0   0   0   0
   0   0   2   2   9   0   0   0   0   2   2   0   0   0   4   0   4   0   3   4   0   3   0   2   4   0   2   2   0   0   0   4   0   0   0   0   0   0   0   0   0   0   2   2   9   0   0   0   0   2   2   0   0   0   4   0   4   0   3   4   0   3   0   2   4   0   2   2   0   0   0   4   0   0
   0   0   0   1   0   0   0   7   0   0   5   0   0   0   4   0   4   0   6   4   0   7   3   7   0   0   0   0   0   3  14   0   0   0   0   0   0   0   0   0   0   0   0   1   0   0   0   7   0   0   5   0   0   0   4   0   4   0   6   4   0   7   3   7   0   0   0   0   0   3  14   0   0   0
   0   0   0   0   0   0   3   0   7   0   6   0   2   6   8   0   6   0   0  14   0   0   0   0   0   0   7   1   0   0   3   0   0   0   0   0   0   0   0   0   0   0   0   0   0   0   3   0   7   0   6   0   2   6   8   0   6   0   0  14   0   0   0   0   0   0   7   1   0   0   3   0   0   0
   0   0   0   0   0   3   0   1   6   0   0   0   2   0   0   0   4   0   0   0   0   2   2  14   0   0   0   0   0   7   0   0   0   0   0   0   0   0   0   0   0   0   0   0   0   3   0   1   6   0   0   0   2   0   0   0   4   0   0   0   0   2   2  14   0   0   0   0   0   7   0   0   0   0
   0   0   0   0   0   0   2   2   3   0   1   8   0   0   4   0   0   0   0   0   0   0   8   0   0   5   0   5   0   0   0   0   0   0   0   0   0   0   0   0   0   0   0   0   0   0   2   2   3   0   1   8   0   0   4   0   0   0   0   0   0   0   8   0   0   5   0   5   0   0   0   0   0   0
   0   0   0   0   0   0   0   3   0   1   0   5   0   7   0   7   0  14   0   0   0   0   0   0   5   0   5   0   1   0   0   0   0   0   0   0   0   0   0   0   0   0   0   0   0   0   0   3   0   1   0   5   0   7   0   7   0  14   0   0   0   0   0   0   5   0   5   0   1   0   0   0   0   0
   0   0   0   0   0   0   0   0   5   0   0   3   0   3   0   0   0   8   0   0   0   0   0   1   0   0   0   0   0   0   0   0   0   0   0   0   0   0   0   0   0   0   0   0   0   0   0   0   5   0   0   3   0   3   0   0   0   8   0   0   0   0   0   1   0   0   0   0   0   0   0   0   0   0
   0  37  30   0   0   0   0   0   0   0   0   0   0   0   0   0   0   0   0   0   0   0   0   0   0   0   0   0   0   0   0  30  37   0   0   0   0   0   0   0   0  37  30   0   0   0   0   0   0   0   0   0   0   0   0   0   0   0   0   0   0   0   0   0   0   0   0   0   0   0   0  30  37   0
   0   0   0   0   0   0   0   0   0   0   0   0   0   0   0   0   0   0   0   0   0   0   0   0   0   0   0   0   0   0   0   0   0   0   0   0   0   0   0   0   0   0   0   0   0   0   0   0   0   0   0   0   0   0   0   0   0   0   0   0   0   0   0   0   0   0   0   0   0   0   0   0   0   0
   0  72   0   0   0   0   0   0   0   0   0   0   0   0   0   0   0   0   0   0   0   0   0   0   0   0   0   0   0   0   0   0   0   0   0   0   0   0   0   0   0   0   0   0   0   0   0   0   0   0   0   0   0   0   0   0   0   0   0   0   0   0   0   0   0   0   0   0   0   0   0   0  72   0
   0   0   0   0   0   0   0   0   0   0   0   0   0   0   0   0   0   0   0   0   0   0   0   0   0   0   0   0   0   0   0   0   0   0   0   0   0   0   0   0   0   0   0   0   0   0   0   0   0   0   0   0   0   0   0   0   0   0   0   0   0   0   0   0   0   0   0   0   0   0   0   0   0   0
   0  37  30   0   0   0   0   0   0   0   0   0   0   0   0   0   0   0   0   0   0   0   0   0   0   0   0   0   0   0   0  30  37   0   0   0   0   0   0   0   0  37  30   0   0   0   0   0   0   0   0   0   0   0   0   0   0   0   0   0   0   0   0   0   0   0   0   0   0   0   0  30  37   0
   0   0   0   0   0   0   0   0   0   0   0   0   7   4   0   0   3   0   0   0   8   4   4   0   0   0   0   0   0   0   0   0   0   0   0   0   0   0   0   0   0   0   0   0   0   0   0   0   0   0   0   0   7   4   0   0   3   0   0   0   8   4   4   0   0   0   0   0   0   0   0   0   0   0
   0   0   0   0   0   0   0   0   0   0   0   0   1   7   0   0   0   0   0   0   0   0   0   0   0   0   0   0   0   0   0   0   0   0   0   0   0   0   0   0   0   0   0   0   0   0   0   0   0   0   0   0   1   7   0   0   0   0   0   0   0   0   0   0   0   0   0   0   0   0   0   0   0   0
   0   0   0   0   0   0   0   0   0   0   0   0   0   0   4  11   3   8   0   0   0  15   2   0   0   0   0   0   0   0   0   0   0   0   0   0   0   0   0   0   0   0   0   0   0   0   0   0   0   0   0   0   0   0   4  11   3   8   0   0   0  15   2   0   0   0   0   0   0   0   0   0   0   0
   0   0   0   0   0   0   0   3   0   3   0   0   1   0   0   0  11   0   0   0   0   0   2   0   0   0   0   0   0   0   0   0   0   0   0   0   0   0   0   0   0   0   0   0   0   0   0   3   0   3   0   0   1   0   0   0  11   0   0   0   0   0   2   0   0   0   0   0   0   0   0   0   0   0
   0   0   0   0   0   0   2   1   0   1   2   0   0   0   0   0   0   0   0  15   0   0   0   0   0   0   0   0   0   0   0   0   0   0   0   0   0   0   0   0   0   0   0   0   0   0   2   1   0   1   2   0   0   0   0   0   0   0   0  15   0   0   0   0   0   0   0   0   0   0   0   0   0   0
   0   0   0   0   0   3   2   0   0   0   2   7   0   0   4   0   0   4   0   0   2   0   0   0   0   0   0   0   0   0   0   0   0   0   0   0   0   0   0   0   0   0   0   0   0   3   2   0   0   0   2   7   0   0   4   0   0   4   0   0   2   0   0   0   0   0   0   0   0   0   0   0   0   0
   0   0   0   0   0   0   0   0   0   0   0   0   1   0   0   0   2   0   2   0   2   0   0   0   0   0   0   0   0   0   0   0   0   0   0   0   0   0   0   0   0   0   0   0   0   0   0   0   0   0   0   0   1   0   0   0   2   0   2   0   2   0   0   0   0   0   0   0   0   0   0   0   0   0
   0   0   0   0   0   3   0   0   0   0   3   0   3   0   5   0   2   7   2   6   0   0   6   0   4   0   0   0   0   0   0   0   0   0   0   0   0   0   0   0   0   0   0   0   0   3   0   0   0   0   3   0   3   0   5   0   2   7   2   6   0   0   6   0   4   0   0   0   0   0   0   0   0   0
   0   0   0   0   0   2   2   0   0   2   2   0   0   0   7   0   0   0   7   2   0   2   0   0   4   2   0   0   0   0   0   0   0   0   0   0   0   0   0   0   0   0   0   0   0   2   2   0   0   2   2   0   0   0   7   0   0   0   7   2   0   2   0   0   4   2   0   0   0   0   0   0   0   0
   0   0   0   0   0   0   4   0   0   4   0   0   7   0   0   0   0   0   0   2   0   2   5   0   0   2   1   2   0   0   0   0   0   0   0   0   0   0   0   0   0   0   0   0   0   0   4   0   0   4   0   0   7   0   0   0   0   0   0   2   0   2   5   0   0   2   1   2   0   0   0   0   0   0
   0   0   0   0   0   0   0   0   0   0   0   4   4   7   0   5   0   0   6   0   8   0   0  10   0   0   0   2   1   0   0   0   0   0   0   0   0   0   0   0   0   0   0   0   0   0   0   0   0   0   0   4   4   7   0   5   0   0   6   0   8   0   0  10   0   0   0   2   1   0   0   0   0   0
   0   0   0   0   0   0   0   0   0   0   8   0   0   0   0   0   0   0   0   0   0   0   0   0   1   0   0   0   0   0   0   0   0   0   0   0   0   0   0   0   0   0   0   0   0   0   0   0   0   0   8   0   0   0   0   0   0   0   0   0   0   0   0   0   1   0   0   0   0   0   0   0   0   0
   0   0   0   0   0   0   0   0   0   1   0   0   8   0   0   0  10   0   0   6   0   0   0   0   2   2   0   0   0   0   0   0   0   0   0   0   0   0   0   0   0   0   0   0   0   0   0   0   0   1   0   0   8   0   0   0  10   0   0   6   0   0   0   0   2   2   0   0   0   0   0   0   0   0
   0   0   0   0   0   0   0   0   2   2  13   0   0   0  10   0   0   0   0   0   0   0   5   0   3   0   3   0   0   0   0   0   0   0   0   0   0   0   0   0   0   0   0   0   0   0   0   0   2   2  13   0   0   0  10   0   0   0   0   0   0   0   5   0   3   0   3   0   0   0   0   0   0   0
   0   0   0   0   0   0   0   0   0   0   0   0   0   0   0   0   0   8  12   1   4   0   0   0   0   0   0   3   0   0   0   0   0   0   0   0   0   0   0   0   0   0   0   0   0   0   0   0   0   0   0   0   0   0   0   0   0   8  12   1   4   0   0   0   0   0   0   3   0   0   0   0   0   0
   0   0   0   0   0   0   2   6   6   0   0   0   0   0   0   0   0   0   0   4   0   0   0   0  10   0   3  10   0   0   0   0   0   0   0   0   0   0   0   0   0   0   0   0   0   0   2   6   6   0   0   0   0   0   0   0   0   0   0   4   0   0   0   0  10   0   3  10   0   0   0   0   0   0
   0   0   0   0   0   5   2   0   0   7   0   6   0   0   2  12   0   2   0   4   0   4   2   0  13   0   0   0   0   2   0   0   0   0   0   0   0   0   0   0   0   0   0   0   0   5   2   0   0   7   0   6   0   0   2  12   0   2   0   4   0   4   2   0  13   0   0   0   0   2   0   0   0   0
   0   0   0   0   1   0   5   0   7   6   0   0   8   0   2   0   0   2   0   0   1   2   2   0   0  13   0   7   0   2   3   0   0   0   0   0   0   0   0   0   0   0   0   0   1   0   5   0   7   6   0   0   8   0   2   0   0   2   0   0   1   2   2   0   0  13   0   7   0   2   3   0   0   0
   0   0   0   0   7   0   0   0   0   0   0   0   0  13   0   0   1   0   1   0   0   2  10   0   0   0   0   0   0   3   0   0   0   0   0   0   0   0   0   0   0   0   0   0   7   0   0   0   0   0   0   0   0  13   0   0   1   0   1   0   0   2  10   0   0   0   0   0   0   3   0   0   0   0
   0   0   0   0   2   0   1  11   0   3   0   3   0   3   0   3   0   1   0   2   2   0   0   0   0   0   0   0   0   0   0   7   0   0   0   0   0   0   0   0   0   0   0   0   2   0   1  11   0   3   0   3   0   3   0   3   0   1   0   2   2   0   0   0   0   0   0   0   0   0   0   7   0   0
   0   0   2   0   2   0   0   7   0   0   8   0   0  10   0   0   1   0   1   0   0   0   8   0   0   0   7   0   0   0   0   0   0   0   0   0   0   0   0   0   0   0   2   0   2   0   0   7   0   0   8   0   0  10   0   0   1   0   1   0   0   0   8   0   0   0   7   0   0   0   0   0   0   0
   0   0   2   0   0   0   0   0   7   0   0   0   0   0   7   0   0   2   0   0   6   0   0   6   0   0   0   7   7   0   7   0   0   0   0   0   0   0   0   0   0   0   2   0   0   0   0   0   7   0   0   0   0   0   7   0   0   2   0   0   6   0   0   6   0   0   0   7   7   0   7   0   0   0
   0   0   7   0   5   0   0   0   0   0   0   0   4   0   0   8   0   2   0   7   0   4   0   6   0   6   0   0   0   0   0   0   0   0   0   0   0   0   0   0   0   0   7   0   5   0   0   0   0   0   0   0   4   0   0   8   0   2   0   7   0   4   0   6   0   6   0   0   0   0   0   0   0   0
   0   0   6   6   0   5   0  11   0   0   0   0   4   0   0   0   4   0   7   0   0   0   8   0   0  11   0   0  11  11  11   0   0   0   0   0   0   0   0   0   0   0   6   6   0   5   0  11   0   0   0   0   4   0   0   0   4   0   7   0   0   0   8   0   0  11   0   0  11  11  11   0   0   0
   0   0   0   0   2   3   3   0  10   0   0   0   0   7   0   0   8   0   0   0   0   0   4   0   4   4   0   0   0   0   0   0   0   0   0   0   0   0   0   0   0   0   0   0   2   3   3   0  10   0   0   0   0   7   0   0   8   0   0   0   0   0   4   0   4   4   0   0   0   0   0   0   0   0
   0   0   0   0   2   0   3   3   8   0   4   8   0   0   0   0   0   4   0   0   0   6   4   6   0   0   2   0   0   3   0   3   0   0   0   0   0   0   0   0   0   0   0   0   2   0   3   3   8   0   4   8   0   0   0   0   0   4   0   0   0   6   4   6   0   0   2   0   0   3   0   3   0   0
   0   0   3   0   3   0   0   0   4   0   0   0   0   0   1   0   0   0   0   0   4   0   0   0   0   0   2   0   0   0   0   0   0   0   0   0   0   0   0   0   0   0   3   0   3   0   0   0   4   0   0   0   0   0   1   0   0   0   0   0   4   0   0   0   0   0   2   0   0   0   0   0   0   0
   0   0   0   0   0   9   2   2   0   0   0   0   5   6   0   0   0   3   0   1   0   0   0   2   4   0   0   0   0   4   0   0   0   0   0   0   0   0   0   0   0   0   0   0   0   9   2   2   0   0   0   0   5   6   0   0   0   3   0   1   0   0   0   2   4   0   0   0   0   4   0   0   0   0
   0   0   2   2   9   0   0   0   0   2   2   0   0   0   4   0   4   0   3   4   0   3   0   2   4   0   2   2   0   0   0   4   0   0   0   0   0   0   0   0   0   0   2   2   9   0   0   0   0   2   2   0   0   0   4   0   4   0   3   4   0   3   0   2   4   0   2   2   0   0   0   4   0   0
   0   0   0   1   0   0   0   7   0   0   5   0   0   0   4   0   4   0   6   4   0   7   3   7   0   0   0   0   0   3  14   0   0   0   0   0   0   0   0   0   0   0   0   1   0   0   0   7   0   0   5   0   0   0   4   0   4   0   6   4   0   7   3   7   0   0   0   0   0   3  14   0   0   0
   0   0   0   0   0   0   3   0   7   0   6   0   2   6   8   0   6   0   0  14   0   0   0   0   0   0   7   1   0   0   3   0   0   0   0   0   0   0   0   0   0   0   0   0   0   0   3   0   7   0   6   0   2   6   8   0   6   0   0  14   0   0   0   0   0   0   7   1   0   0   3   0   0   0
   0   0   0   0   0   3   0   1   6   0   0   0   2   0   0   0   4   0   0   0   0   2   2  14   0   0   0   0   0   7   0   0   0   0   0   0   0   0   0   0   0   0   0   0   0   3   0   1   6   0   0   0   2   0   0   0   4   0   0   0   0   2   2  14   0   0   0   0   0   7   0   0   0   0
   0   0   0   0   0   0   2   2   3   0   1   8   0   0   4   0   0   0   0   0   0   0   8   0   0   5   0   5   0   0   0   0   0   0   0   0   0   0   0   0   0   0   0   0   0   0   2   2   3   0   1   8   0   0   4   0   0   0   0   0   0   0   8   0   0   5   0   5   0   0   0   0   0   0
   0   0   0   0   0   0   0   3   0   1   0   5   0   7   0   7   0  14   0   0   0   0   0   0   5   0   5   0   1   0   0   0   0   0   0   0   0   0   0   0   0   0   0   0   0   0   0   3   0   1   0   5   0   7   0   7   0  14   0   0   0   0   0   0   5   0   5   0   1   0   0   0   0   0
   0   0   0   0   0   0   0   0   5   0   0   3   0   3   0   0   0   8   0   0   0   0   0   1   0   0   0   0   0   0   0   0   0   0   0   0   0   0   0   0   0   0   0   0   0   0   0   0   5   0   0   3   0   3   0   0   0   8   0   0   0   0   0   1   0   0   0   0   0   0   0   0   0   0
   0  37  30   0   0   0   0   0   0   0   0   0   0   0   0   0   0   0   0   0   0   0   0   0   0   0   0   0   0   0   0  30  37   0   0   0   0   0   0   0   0  37  30   0   0   0   0   0   0   0   0   0   0   0   0   0   0   0   0   0   0   0   0   0   0   0   0   0   0   0   0  30  37   0
   0   0   0   0   0   0   0   0   0   0   0   0   0   0   0   0   0   0   0   0   0   0   0   0   0   0   0   0   0   0   0   0   0   0   0   0   0   0   0   0   0   0   0   0   0   0   0   0   0   0   0   0   0   0   0   0   0   0   0   0   0   0   0   0   0   0   0   0   0   0   0   0   0   0

// answer
/////////////////////////////////////////////////////////////////////////////////////////////////////////////////////////////////////////////////////////////////////////////////////////////////////////////////////////////////////////////////////////////////////////////////////////////////////////////
// 000 000 000 000 000 000 000 000 000 000 000 000 000 000 000 000 000 000 000 000 000 000 000 000 000 000 000 000 000 000 000 000 000 000 000 000 000 000 000 000 000 000 000 000 000 000 000 000 000 000 000 000 000 000 000 000 000 000 000 000 000 000 000 000 000 000 000 000 000 000 000 000 000 000 //
// 000 #37 #30 --- --- --- --- --- --- --- --- --- --- --- --- --- --- --- --- --- --- --- --- --- --- --- --- --- --- --- --- #30 #37 000 000 000 000 000 000 000 000 #37 #30 --- --- --- --- --- --- --- --- --- --- --- --- --- --- --- --- --- --- --- --- --- --- --- --- --- --- --- --- #30 #37 000 //
// 000  |  000 000 000 000 000 000 000 000 000  +- ##7 ##4 -+  000 ##3  +- --- --- ##8 ##4 ##4 000 000 000 000 000 000 000 000 000  |  000 000 000 000 000 000 000 000  |  000 000 000 000 000 000 000 000 000  +- ##7 ##4 -+  000 ##3  +- --- --- ##8 ##4 ##4 000 000 000 000 000 000 000 000 000  |  000 //
// 000  |  000 000 000 000 000 000 000 000 000  |  ##1 ##7  |  000  |   +- -+   +- -+   +- -+  000 000 000 000 000 000 000 000 000  |  000 000 000 000 000 000 000 000  |  000 000 000 000 000 000 000 000 000  |  ##1 ##7  |  000  |   +- -+   +- -+   +- -+  000 000 000 000 000 000 000 000 000  |  000 //
// 000  |  000 000 000 000 000 000 000 000 000  +- --- -+  ##4 #11 ##3 ##8 -+   |   |  #15 ##2 000 000 000 000 000 000 000 000 000  |  000 000 000 000 000 000 000 000  |  000 000 000 000 000 000 000 000 000  +- --- -+  ##4 #11 ##3 ##8 -+   |   |  #15 ##2 000 000 000 000 000 000 000 000 000  |  000 //
// 000  |  000 000 000 000 000 ##3 --- ##3 000 000 ##1  +- --- -+  #11 -+   +- -+   |   |  ##2 000 000 000 000 000 000 000 000 000  |  000 000 000 000 000 000 000 000  |  000 000 000 000 000 ##3 --- ##3 000 000 ##1  +- --- -+  #11 -+   +- -+   |   |  ##2 000 000 000 000 000 000 000 000 000  |  000 //
// 000  |  000 000 000 000 ##2 ##1 000 ##1 ##2 000 000  +- --- --- --- -+   |  #15  +- -+  000 000 000 000 000 000 000 000 000 000  |  000 000 000 000 000 000 000 000  |  000 000 000 000 ##2 ##1 000 ##1 ##2 000 000  +- --- --- --- -+   |  #15  +- -+  000 000 000 000 000 000 000 000 000 000  |  000 //
// 000  |  000 000 000 ##3 ##2 000 000 000 ##2 ##7 --- -+  ##4 --- --- ##4  +- -+  ##2 000 000 000 000 000 000 000 000 000 000 000  |  000 000 000 000 000 000 000 000  |  000 000 000 ##3 ##2 000 000 000 ##2 ##7 --- -+  ##4 --- --- ##4  +- -+  ##2 000 000 000 000 000 000 000 000 000 000 000  |  000 //
// 000  |  000 000 000  |  000 000 000 000 000 000 ##1  |  000 000 ##2 000 ##2 000 ##2  +- -+  000 000 000 000 000 000 000 000 000  |  000 000 000 000 000 000 000 000  |  000 000 000  |  000 000 000 000 000 000 ##1  |  000 000 ##2 000 ##2 000 ##2  +- -+  000 000 000 000 000 000 000 000 000  |  000 //
// 000  |  000 000 000 ##3 000 000 000 000 ##3 --- ##3  |  ##5 -+  ##2 ##7 ##2 ##6 --- -+  ##6  +- ##4 000 000 000 000 000 000 000  |  000 000 000 000 000 000 000 000  |  000 000 000 ##3 000 000 000 000 ##3 --- ##3  |  ##5 -+  ##2 ##7 ##2 ##6 --- -+  ##6  +- ##4 000 000 000 000 000 000 000  |  000 //
// 000  |  000 000 000 ##2 ##2 000 000 ##2 ##2 000 000  +- ##7  |   +- -+  ##7 ##2 000 ##2 000  +- ##4 ##2 000 000 000 000 000 000  |  000 000 000 000 000 000 000 000  |  000 000 000 ##2 ##2 000 000 ##2 ##2 000 000  +- ##7  |   +- -+  ##7 ##2 000 ##2 000  +- ##4 ##2 000 000 000 000 000 000  |  000 //
// 000  |  000 000 000 000 ##4 --- --- ##4 000 000 ##7 --- -+   |   +- --- -+  ##2 000 ##2 ##5 000 000 ##2 ##1 ##2 000 000 000 000  |  000 000 000 000 000 000 000 000  |  000 000 000 000 ##4 --- --- ##4 000 000 ##7 --- -+   |   +- --- -+  ##2 000 ##2 ##5 000 000 ##2 ##1 ##2 000 000 000 000  |  000 //
// 000  |  000 000 000 000 000 000 000 000 000 ##4 ##4 ##7  |  ##5  +- -+  ##6 -+  ##8 000  |  #10 000 000 000 ##2 ##1 000 000 000  |  000 000 000 000 000 000 000 000  |  000 000 000 000 000 000 000 000 000 ##4 ##4 ##7  |  ##5  +- -+  ##6 -+  ##8 000  |  #10 000 000 000 ##2 ##1 000 000 000  |  000 //
// 000  |  000 000 000 000 000 000 000 000 ##8  +- -+   +- -+   +- -+   |   +- -+   |  000  |   |  ##1 000 000 000 000 000 000 000  |  000 000 000 000 000 000 000 000  |  000 000 000 000 000 000 000 000 ##8  +- -+   +- -+   +- -+   |   +- -+   |  000  |   |  ##1 000 000 000 000 000 000 000  |  000 //
// 000  |  000 000 000 000 000 000 000 ##1  +- -+  ##8 -+   +- -+  #10 -+   +- ##6  |  000  |   |  ##2 ##2 000 000 000 000 000 000  |  000 000 000 000 000 000 000 000  |  000 000 000 000 000 000 000 ##1  +- -+  ##8 -+   +- -+  #10 -+   +- ##6  |  000  |   |  ##2 ##2 000 000 000 000 000 000  |  000 //
// 000  |  000 000 000 000 000 000 ##2 ##2 #13  +- --- -+  #10  +- -+   +- --- --- -+  000 ##5  |  ##3 --- ##3 000 000 000 000 000  |  000 000 000 000 000 000 000 000  |  000 000 000 000 000 000 ##2 ##2 #13  +- --- -+  #10  +- -+   +- --- --- -+  000 ##5  |  ##3 --- ##3 000 000 000 000 000  |  000 //
// 000  |  000 000 000 000 000  +- --- -+   |   +- --- -+   +- -+   |  ##8 #12 ##1 ##4 -+  000  |   +- -+   +- ##3 000 000 000 000  |  000 000 000 000 000 000 000 000  |  000 000 000 000 000  +- --- -+   |   +- --- -+   +- -+   |  ##8 #12 ##1 ##4 -+  000  |   +- -+   +- ##3 000 000 000 000  |  000 //
// 000  |  000 000 000 000 ##2 ##6 ##6 -+   +- -+   +- -+   +- -+   +- --- -+  ##4 -+   |  000  |  #10  |  ##3 #10 -+  000 000 000  |  000 000 000 000 000 000 000 000  |  000 000 000 000 ##2 ##6 ##6 -+   +- -+   +- -+   +- -+   +- --- -+  ##4 -+   |  000  |  #10  |  ##3 #10 -+  000 000 000  |  000 //
// 000  |  000 000 000 ##5 ##2  +- --- ##7  +- ##6  +- -+  ##2 #12 000 ##2 000 ##4 -+  ##4 ##2  |  #13  +- --- --- -+  ##2 000 000  |  000 000 000 000 000 000 000 000  |  000 000 000 ##5 ##2  +- --- ##7  +- ##6  +- -+  ##2 #12 000 ##2 000 ##4 -+  ##4 ##2  |  #13  +- --- --- -+  ##2 000 000  |  000 //
// 000  |  000 000 ##1  |  ##5  |  ##7 ##6  |   +- ##8  |  ##2 000 000 ##2 000 000 ##1 ##2 ##2  |   |  #13 -+  ##7 -+  ##2 ##3 000  |  000 000 000 000 000 000 000 000  |  000 000 ##1  |  ##5  |  ##7 ##6  |   +- ##8  |  ##2 000 000 ##2 000 000 ##1 ##2 ##2  |   |  #13 -+  ##7 -+  ##2 ##3 000  |  000 //
// 000  |  000  +- ##7  +- -+   +- -+   +- -+   +- -+  #13 000 000 ##1 000 ##1 000 000 ##2 #10 -+   |   +- -+   +- -+  ##3 -+  000  |  000 000 000 000 000 000 000 000  |  000  +- ##7  +- -+   +- -+   +- -+   +- -+  #13 000 000 ##1 000 ##1 000 000 ##2 #10 -+   |   +- -+   +- -+  ##3 -+  000  |  000 //
// 000  |  000  |  ##2 000 ##1 #11 -+  ##3 --- ##3  |  ##3 --- ##3 000 ##1 000 ##2 ##2  +- -+   +- -+   |   +- -+   +- --- --- ##7  |  000 000 000 000 000 000 000 000  |  000  |  ##2 000 ##1 #11 -+  ##3 --- ##3  |  ##3 --- ##3 000 ##1 000 ##2 ##2  +- -+   +- -+   |   +- -+   +- --- --- ##7  |  000 //
// 000  |  ##2  |  ##2  +- --- ##7  +- -+  ##8 --- -+  #10 000 000 ##1 000 ##1 000 000  |  ##8  +- --- -+  ##7  +- -+   +- --- -+   |  000 000 000 000 000 000 000 000  |  ##2  |  ##2  +- --- ##7  +- -+  ##8 --- -+  #10 000 000 ##1 000 ##1 000 000  |  ##8  +- --- -+  ##7  +- -+   +- --- -+   |  000 //
// 000  |  ##2  |  000  +- --- --- ##7  +- -+   +- --- -+  ##7 000 000 ##2 000 000 ##6  +- -+  ##6 --- --- -+  ##7 ##7 -+  ##7 -+   |  000 000 000 000 000 000 000 000  |  ##2  |  000  +- --- --- ##7  +- -+   +- --- -+  ##7 000 000 ##2 000 000 ##6  +- -+  ##6 --- --- -+  ##7 ##7 -+  ##7 -+   |  000 //
// 000  |  ##7 -+  ##5 --- -+   +- --- --- -+   |  ##4 -+   |  ##8 000 ##2 000 ##7  |  ##4  |  ##6 -+  ##6 -+   +- --- --- --- -+   |  000 000 000 000 000 000 000 000  |  ##7 -+  ##5 --- -+   +- --- --- -+   |  ##4 -+   |  ##8 000 ##2 000 ##7  |  ##4  |  ##6 -+  ##6 -+   +- --- --- --- -+   |  000 //
// 000  |  ##6 ##6 000 ##5 -+  #11  +- --- --- -+  ##4 -+   |   |  ##4 -+  ##7  |   |   |  ##8  +- -+  #11 -+   +- #11 #11 #11  |   |  000 000 000 000 000 000 000 000  |  ##6 ##6 000 ##5 -+  #11  +- --- --- -+  ##4 -+   |   |  ##4 -+  ##7  |   |   |  ##8  +- -+  #11 -+   +- #11 #11 #11  |   |  000 //
// 000  |   |   |  ##2 ##3 ##3 -+  #10  +- --- --- -+  ##7  |   |  ##8  |   |   |   |   +- ##4  |  ##4 ##4  +- -+   +- -+   +- -+   |  000 000 000 000 000 000 000 000  |   |   |  ##2 ##3 ##3 -+  #10  +- --- --- -+  ##7  |   |  ##8  |   |   |   |   +- ##4  |  ##4 ##4  +- -+   +- -+   +- -+   |  000 //
// 000  |   +- -+  ##2  +- ##3 ##3 ##8 -+  ##4 ##8 -+   +- -+   |   |  ##4  +- -+   +- ##6 ##4 ##6  +- -+  ##2  |   |  ##3 --- ##3  |  000 000 000 000 000 000 000 000  |   +- -+  ##2  +- ##3 ##3 ##8 -+  ##4 ##8 -+   +- -+   |   |  ##4  +- -+   +- ##6 ##4 ##6  +- -+  ##2  |   |  ##3 --- ##3  |  000 //
// 000  |  ##3 --- ##3 000 000 000 ##4 --- -+  000 000 000 ##1  +- -+  000 000 000 ##4 --- -+  000 000 000 ##2  +- -+  000 000 000  |  000 000 000 000 000 000 000 000  |  ##3 --- ##3 000 000 000 ##4 --- -+  000 000 000 ##1  +- -+  000 000 000 ##4 --- -+  000 000 000 ##2  +- -+  000 000 000  |  000 //
// 000  |  000 000 000 ##9 ##2 ##2 000 000 000  +- ##5 ##6 000 000 000 ##3 -+  ##1 000 000 000 ##2 ##4 -+  000 000 000 ##4 --- -+   |  000 000 000 000 000 000 000 000  |  000 000 000 ##9 ##2 ##2 000 000 000  +- ##5 ##6 000 000 000 ##3 -+  ##1 000 000 000 ##2 ##4 -+  000 000 000 ##4 --- -+   |  000 //
// 000  |  ##2 ##2 ##9  +- -+   +- -+  ##2 ##2  |   +- -+  ##4 -+  ##4 -+  ##3 ##4 -+  ##3 -+  ##2 ##4 -+  ##2 ##2  +- --- -+  ##4  |  000 000 000 000 000 000 000 000  |  ##2 ##2 ##9  +- -+   +- -+  ##2 ##2  |   +- -+  ##4 -+  ##4 -+  ##3 ##4 -+  ##3 -+  ##2 ##4 -+  ##2 ##2  +- --- -+  ##4  |  000 //
// 000  |  000 ##1  |   +- -+  ##7  +- -+  ##5 -+   +- -+  ##4 -+  ##4 -+  ##6 ##4 -+  ##7 ##3 ##7 -+   +- --- --- -+  ##3 #14 000  |  000 000 000 000 000 000 000 000  |  000 ##1  |   +- -+  ##7  +- -+  ##5 -+   +- -+  ##4 -+  ##4 -+  ##6 ##4 -+  ##7 ##3 ##7 -+   +- --- --- -+  ##3 #14 000  |  000 //
// 000  |  000 000  +- -+  ##3 000 ##7 -+  ##6 -+  ##2 ##6 ##8 -+  ##6 -+   |  #14 -+   +- --- --- -+   |  ##7 ##1 000  +- ##3 000  |  000 000 000 000 000 000 000 000  |  000 000  +- -+  ##3 000 ##7 -+  ##6 -+  ##2 ##6 ##8 -+  ##6 -+   |  #14 -+   +- --- --- -+   |  ##7 ##1 000  +- ##3 000  |  000 //
// 000  |  000 000 000 ##3 -+  ##1 ##6 --- --- -+  ##2  +- --- -+  ##4  +- -+   +- -+  ##2 ##2 #14  +- -+   +- --- -+  ##7 000 000  |  000 000 000 000 000 000 000 000  |  000 000 000 ##3 -+  ##1 ##6 --- --- -+  ##2  +- --- -+  ##4  +- -+   +- -+  ##2 ##2 #14  +- -+   +- --- -+  ##7 000 000  |  000 //
// 000  |  000 000 000 000 ##2 ##2 ##3 000 ##1 ##8 --- -+  ##4 --- -+   +- -+   +- --- -+  ##8  +- -+  ##5 000 ##5  +- -+  000 000  |  000 000 000 000 000 000 000 000  |  000 000 000 000 ##2 ##2 ##3 000 ##1 ##8 --- -+  ##4 --- -+   +- -+   +- --- -+  ##8  +- -+  ##5 000 ##5  +- -+  000 000  |  000 //
// 000  |  000 000 000 000 000 ##3 -+  ##1  +- ##5 000 ##7 -+  ##7 -+  #14  +- --- --- -+   |  000 ##5  |  ##5  |  ##1 000 000 000  |  000 000 000 000 000 000 000 000  |  000 000 000 000 000 ##3 -+  ##1  +- ##5 000 ##7 -+  ##7 -+  #14  +- --- --- -+   |  000 ##5  |  ##5  |  ##1 000 000 000  |  000 //
// 000  |  000 000 000 000 000 000 ##5 --- -+  ##3 --- ##3  +- --- -+  ##8 --- --- --- --- -+  ##1  +- -+   +- -+  000 000 000 000  |  000 000 000 000 000 000 000 000  |  000 000 000 000 000 000 ##5 --- -+  ##3 --- ##3  +- --- -+  ##8 --- --- --- --- -+  ##1  +- -+   +- -+  000 000 000 000  |  000 //
// 000 #37 #30 --- --- --- --- --- --- --- --- --- --- --- --- --- --- --- --- --- --- --- --- --- --- --- --- --- --- --- --- #30 #37 000 000 000 000 000 000 000 000 #37 #30 --- --- --- --- --- --- --- --- --- --- --- --- --- --- --- --- --- --- --- --- --- --- --- --- --- --- --- --- #30 #37 000 //
// 000 000 000 000 000 000 000 000 000 000 000 000 000 000 000 000 000 000 000 000 000 000 000 000 000 000 000 000 000 000 000 000 000 000 000 000 000 000 000 000 000 000 000 000 000 000 000 000 000 000 000 000 000 000 000 000 000 000 000 000 000 000 000 000 000 000 000 000 000 000 000 000 000 000 //
// 000 #72 --- --- --- --- --- --- --- --- --- --- --- --- --- --- --- --- --- --- --- --- --- --- --- --- --- --- --- --- --- --- --- --- --- --- --- --- --- --- --- --- --- --- --- --- --- --- --- --- --- --- --- --- --- --- --- --- --- --- --- --- --- --- --- --- --- --- --- --- --- --- #72 000 //
// 000 000 000 000 000 000 000 000 000 000 000 000 000 000 000 000 000 000 000 000 000 000 000 000 000 000 000 000 000 000 000 000 000 000 000 000 000 000 000 000 000 000 000 000 000 000 000 000 000 000 000 000 000 000 000 000 000 000 000 000 000 000 000 000 000 000 000 000 000 000 000 000 000 000 //
// 000 #37 #30 --- --- --- --- --- --- --- --- --- --- --- --- --- --- --- --- --- --- --- --- --- --- --- --- --- --- --- --- #30 #37 000 000 000 000 000 000 000 000 #37 #30 --- --- --- --- --- --- --- --- --- --- --- --- --- --- --- --- --- --- --- --- --- --- --- --- --- --- --- --- #30 #37 000 //
// 000  |  000 000 000 000 000 000 000 000 000  +- ##7 ##4 -+  000 ##3  +- --- --- ##8 ##4 ##4 000 000 000 000 000 000 000 000 000  |  000 000 000 000 000 000 000 000  |  000 000 000 000 000 000 000 000 000  +- ##7 ##4 -+  000 ##3  +- --- --- ##8 ##4 ##4 000 000 000 000 000 000 000 000 000  |  000 //
// 000  |  000 000 000 000 000 000 000 000 000  |  ##1 ##7  |  000  |   +- -+   +- -+   +- -+  000 000 000 000 000 000 000 000 000  |  000 000 000 000 000 000 000 000  |  000 000 000 000 000 000 000 000 000  |  ##1 ##7  |  000  |   +- -+   +- -+   +- -+  000 000 000 000 000 000 000 000 000  |  000 //
// 000  |  000 000 000 000 000 000 000 000 000  +- --- -+  ##4 #11 ##3 ##8 -+   |   |  #15 ##2 000 000 000 000 000 000 000 000 000  |  000 000 000 000 000 000 000 000  |  000 000 000 000 000 000 000 000 000  +- --- -+  ##4 #11 ##3 ##8 -+   |   |  #15 ##2 000 000 000 000 000 000 000 000 000  |  000 //
// 000  |  000 000 000 000 000 ##3 --- ##3 000 000 ##1  +- --- -+  #11 -+   +- -+   |   |  ##2 000 000 000 000 000 000 000 000 000  |  000 000 000 000 000 000 000 000  |  000 000 000 000 000 ##3 --- ##3 000 000 ##1  +- --- -+  #11 -+   +- -+   |   |  ##2 000 000 000 000 000 000 000 000 000  |  000 //
// 000  |  000 000 000 000 ##2 ##1 000 ##1 ##2 000 000  +- --- --- --- -+   |  #15  +- -+  000 000 000 000 000 000 000 000 000 000  |  000 000 000 000 000 000 000 000  |  000 000 000 000 ##2 ##1 000 ##1 ##2 000 000  +- --- --- --- -+   |  #15  +- -+  000 000 000 000 000 000 000 000 000 000  |  000 //
// 000  |  000 000 000 ##3 ##2 000 000 000 ##2 ##7 --- -+  ##4 --- --- ##4  +- -+  ##2 000 000 000 000 000 000 000 000 000 000 000  |  000 000 000 000 000 000 000 000  |  000 000 000 ##3 ##2 000 000 000 ##2 ##7 --- -+  ##4 --- --- ##4  +- -+  ##2 000 000 000 000 000 000 000 000 000 000 000  |  000 //
// 000  |  000 000 000  |  000 000 000 000 000 000 ##1  |  000 000 ##2 000 ##2 000 ##2  +- -+  000 000 000 000 000 000 000 000 000  |  000 000 000 000 000 000 000 000  |  000 000 000  |  000 000 000 000 000 000 ##1  |  000 000 ##2 000 ##2 000 ##2  +- -+  000 000 000 000 000 000 000 000 000  |  000 //
// 000  |  000 000 000 ##3 000 000 000 000 ##3 --- ##3  |  ##5 -+  ##2 ##7 ##2 ##6 --- -+  ##6  +- ##4 000 000 000 000 000 000 000  |  000 000 000 000 000 000 000 000  |  000 000 000 ##3 000 000 000 000 ##3 --- ##3  |  ##5 -+  ##2 ##7 ##2 ##6 --- -+  ##6  +- ##4 000 000 000 000 000 000 000  |  000 //
// 000  |  000 000 000 ##2 ##2 000 000 ##2 ##2 000 000  +- ##7  |   +- -+  ##7 ##2 000 ##2 000  +- ##4 ##2 000 000 000 000 000 000  |  000 000 000 000 000 000 000 000  |  000 000 000 ##2 ##2 000 000 ##2 ##2 000 000  +- ##7  |   +- -+  ##7 ##2 000 ##2 000  +- ##4 ##2 000 000 000 000 000 000  |  000 //
// 000  |  000 000 000 000 ##4 --- --- ##4 000 000 ##7 --- -+   |   +- --- -+  ##2 000 ##2 ##5 000 000 ##2 ##1 ##2 000 000 000 000  |  000 000 000 000 000 000 000 000  |  000 000 000 000 ##4 --- --- ##4 000 000 ##7 --- -+   |   +- --- -+  ##2 000 ##2 ##5 000 000 ##2 ##1 ##2 000 000 000 000  |  000 //
// 000  |  000 000 000 000 000 000 000 000 000 ##4 ##4 ##7  |  ##5  +- -+  ##6 -+  ##8 000  |  #10 000 000 000 ##2 ##1 000 000 000  |  000 000 000 000 000 000 000 000  |  000 000 000 000 000 000 000 000 000 ##4 ##4 ##7  |  ##5  +- -+  ##6 -+  ##8 000  |  #10 000 000 000 ##2 ##1 000 000 000  |  000 //
// 000  |  000 000 000 000 000 000 000 000 ##8  +- -+   +- -+   +- -+   |   +- -+   |  000  |   |  ##1 000 000 000 000 000 000 000  |  000 000 000 000 000 000 000 000  |  000 000 000 000 000 000 000 000 ##8  +- -+   +- -+   +- -+   |   +- -+   |  000  |   |  ##1 000 000 000 000 000 000 000  |  000 //
// 000  |  000 000 000 000 000 000 000 ##1  +- -+  ##8 -+   +- -+  #10 -+   +- ##6  |  000  |   |  ##2 ##2 000 000 000 000 000 000  |  000 000 000 000 000 000 000 000  |  000 000 000 000 000 000 000 ##1  +- -+  ##8 -+   +- -+  #10 -+   +- ##6  |  000  |   |  ##2 ##2 000 000 000 000 000 000  |  000 //
// 000  |  000 000 000 000 000 000 ##2 ##2 #13  +- --- -+  #10  +- -+   +- --- --- -+  000 ##5  |  ##3 --- ##3 000 000 000 000 000  |  000 000 000 000 000 000 000 000  |  000 000 000 000 000 000 ##2 ##2 #13  +- --- -+  #10  +- -+   +- --- --- -+  000 ##5  |  ##3 --- ##3 000 000 000 000 000  |  000 //
// 000  |  000 000 000 000 000  +- --- -+   |   +- --- -+   +- -+   |  ##8 #12 ##1 ##4 -+  000  |   +- -+   +- ##3 000 000 000 000  |  000 000 000 000 000 000 000 000  |  000 000 000 000 000  +- --- -+   |   +- --- -+   +- -+   |  ##8 #12 ##1 ##4 -+  000  |   +- -+   +- ##3 000 000 000 000  |  000 //
// 000  |  000 000 000 000 ##2 ##6 ##6 -+   +- -+   +- -+   +- -+   +- --- -+  ##4 -+   |  000  |  #10  |  ##3 #10 -+  000 000 000  |  000 000 000 000 000 000 000 000  |  000 000 000 000 ##2 ##6 ##6 -+   +- -+   +- -+   +- -+   +- --- -+  ##4 -+   |  000  |  #10  |  ##3 #10 -+  000 000 000  |  000 //
// 000  |  000 000 000 ##5 ##2  +- --- ##7  +- ##6  +- -+  ##2 #12 000 ##2 000 ##4 -+  ##4 ##2  |  #13  +- --- --- -+  ##2 000 000  |  000 000 000 000 000 000 000 000  |  000 000 000 ##5 ##2  +- --- ##7  +- ##6  +- -+  ##2 #12 000 ##2 000 ##4 -+  ##4 ##2  |  #13  +- --- --- -+  ##2 000 000  |  000 //
// 000  |  000 000 ##1  |  ##5  |  ##7 ##6  |   +- ##8  |  ##2 000 000 ##2 000 000 ##1 ##2 ##2  |   |  #13 -+  ##7 -+  ##2 ##3 000  |  000 000 000 000 000 000 000 000  |  000 000 ##1  |  ##5  |  ##7 ##6  |   +- ##8  |  ##2 000 000 ##2 000 000 ##1 ##2 ##2  |   |  #13 -+  ##7 -+  ##2 ##3 000  |  000 //
// 000  |  000  +- ##7  +- -+   +- -+   +- -+   +- -+  #13 000 000 ##1 000 ##1 000 000 ##2 #10 -+   |   +- -+   +- -+  ##3 -+  000  |  000 000 000 000 000 000 000 000  |  000  +- ##7  +- -+   +- -+   +- -+   +- -+  #13 000 000 ##1 000 ##1 000 000 ##2 #10 -+   |   +- -+   +- -+  ##3 -+  000  |  000 //
// 000  |  000  |  ##2 000 ##1 #11 -+  ##3 --- ##3  |  ##3 --- ##3 000 ##1 000 ##2 ##2  +- -+   +- -+   |   +- -+   +- --- --- ##7  |  000 000 000 000 000 000 000 000  |  000  |  ##2 000 ##1 #11 -+  ##3 --- ##3  |  ##3 --- ##3 000 ##1 000 ##2 ##2  +- -+   +- -+   |   +- -+   +- --- --- ##7  |  000 //
// 000  |  ##2  |  ##2  +- --- ##7  +- -+  ##8 --- -+  #10 000 000 ##1 000 ##1 000 000  |  ##8  +- --- -+  ##7  +- -+   +- --- -+   |  000 000 000 000 000 000 000 000  |  ##2  |  ##2  +- --- ##7  +- -+  ##8 --- -+  #10 000 000 ##1 000 ##1 000 000  |  ##8  +- --- -+  ##7  +- -+   +- --- -+   |  000 //
// 000  |  ##2  |  000  +- --- --- ##7  +- -+   +- --- -+  ##7 000 000 ##2 000 000 ##6  +- -+  ##6 --- --- -+  ##7 ##7 -+  ##7 -+   |  000 000 000 000 000 000 000 000  |  ##2  |  000  +- --- --- ##7  +- -+   +- --- -+  ##7 000 000 ##2 000 000 ##6  +- -+  ##6 --- --- -+  ##7 ##7 -+  ##7 -+   |  000 //
// 000  |  ##7 -+  ##5 --- -+   +- --- --- -+   |  ##4 -+   |  ##8 000 ##2 000 ##7  |  ##4  |  ##6 -+  ##6 -+   +- --- --- --- -+   |  000 000 000 000 000 000 000 000  |  ##7 -+  ##5 --- -+   +- --- --- -+   |  ##4 -+   |  ##8 000 ##2 000 ##7  |  ##4  |  ##6 -+  ##6 -+   +- --- --- --- -+   |  000 //
// 000  |  ##6 ##6 000 ##5 -+  #11  +- --- --- -+  ##4 -+   |   |  ##4 -+  ##7  |   |   |  ##8  +- -+  #11 -+   +- #11 #11 #11  |   |  000 000 000 000 000 000 000 000  |  ##6 ##6 000 ##5 -+  #11  +- --- --- -+  ##4 -+   |   |  ##4 -+  ##7  |   |   |  ##8  +- -+  #11 -+   +- #11 #11 #11  |   |  000 //
// 000  |   |   |  ##2 ##3 ##3 -+  #10  +- --- --- -+  ##7  |   |  ##8  |   |   |   |   +- ##4  |  ##4 ##4  +- -+   +- -+   +- -+   |  000 000 000 000 000 000 000 000  |   |   |  ##2 ##3 ##3 -+  #10  +- --- --- -+  ##7  |   |  ##8  |   |   |   |   +- ##4  |  ##4 ##4  +- -+   +- -+   +- -+   |  000 //
// 000  |   +- -+  ##2  +- ##3 ##3 ##8 -+  ##4 ##8 -+   +- -+   |   |  ##4  +- -+   +- ##6 ##4 ##6  +- -+  ##2  |   |  ##3 --- ##3  |  000 000 000 000 000 000 000 000  |   +- -+  ##2  +- ##3 ##3 ##8 -+  ##4 ##8 -+   +- -+   |   |  ##4  +- -+   +- ##6 ##4 ##6  +- -+  ##2  |   |  ##3 --- ##3  |  000 //
// 000  |  ##3 --- ##3 000 000 000 ##4 --- -+  000 000 000 ##1  +- -+  000 000 000 ##4 --- -+  000 000 000 ##2  +- -+  000 000 000  |  000 000 000 000 000 000 000 000  |  ##3 --- ##3 000 000 000 ##4 --- -+  000 000 000 ##1  +- -+  000 000 000 ##4 --- -+  000 000 000 ##2  +- -+  000 000 000  |  000 //
// 000  |  000 000 000 ##9 ##2 ##2 000 000 000  +- ##5 ##6 000 000 000 ##3 -+  ##1 000 000 000 ##2 ##4 -+  000 000 000 ##4 --- -+   |  000 000 000 000 000 000 000 000  |  000 000 000 ##9 ##2 ##2 000 000 000  +- ##5 ##6 000 000 000 ##3 -+  ##1 000 000 000 ##2 ##4 -+  000 000 000 ##4 --- -+   |  000 //
// 000  |  ##2 ##2 ##9  +- -+   +- -+  ##2 ##2  |   +- -+  ##4 -+  ##4 -+  ##3 ##4 -+  ##3 -+  ##2 ##4 -+  ##2 ##2  +- --- -+  ##4  |  000 000 000 000 000 000 000 000  |  ##2 ##2 ##9  +- -+   +- -+  ##2 ##2  |   +- -+  ##4 -+  ##4 -+  ##3 ##4 -+  ##3 -+  ##2 ##4 -+  ##2 ##2  +- --- -+  ##4  |  000 //
// 000  |  000 ##1  |   +- -+  ##7  +- -+  ##5 -+   +- -+  ##4 -+  ##4 -+  ##6 ##4 -+  ##7 ##3 ##7 -+   +- --- --- -+  ##3 #14 000  |  000 000 000 000 000 000 000 000  |  000 ##1  |   +- -+  ##7  +- -+  ##5 -+   +- -+  ##4 -+  ##4 -+  ##6 ##4 -+  ##7 ##3 ##7 -+   +- --- --- -+  ##3 #14 000  |  000 //
// 000  |  000 000  +- -+  ##3 000 ##7 -+  ##6 -+  ##2 ##6 ##8 -+  ##6 -+   |  #14 -+   +- --- --- -+   |  ##7 ##1 000  +- ##3 000  |  000 000 000 000 000 000 000 000  |  000 000  +- -+  ##3 000 ##7 -+  ##6 -+  ##2 ##6 ##8 -+  ##6 -+   |  #14 -+   +- --- --- -+   |  ##7 ##1 000  +- ##3 000  |  000 //
// 000  |  000 000 000 ##3 -+  ##1 ##6 --- --- -+  ##2  +- --- -+  ##4  +- -+   +- -+  ##2 ##2 #14  +- -+   +- --- -+  ##7 000 000  |  000 000 000 000 000 000 000 000  |  000 000 000 ##3 -+  ##1 ##6 --- --- -+  ##2  +- --- -+  ##4  +- -+   +- -+  ##2 ##2 #14  +- -+   +- --- -+  ##7 000 000  |  000 //
// 000  |  000 000 000 000 ##2 ##2 ##3 000 ##1 ##8 --- -+  ##4 --- -+   +- -+   +- --- -+  ##8  +- -+  ##5 000 ##5  +- -+  000 000  |  000 000 000 000 000 000 000 000  |  000 000 000 000 ##2 ##2 ##3 000 ##1 ##8 --- -+  ##4 --- -+   +- -+   +- --- -+  ##8  +- -+  ##5 000 ##5  +- -+  000 000  |  000 //
// 000  |  000 000 000 000 000 ##3 -+  ##1  +- ##5 000 ##7 -+  ##7 -+  #14  +- --- --- -+   |  000 ##5  |  ##5  |  ##1 000 000 000  |  000 000 000 000 000 000 000 000  |  000 000 000 000 000 ##3 -+  ##1  +- ##5 000 ##7 -+  ##7 -+  #14  +- --- --- -+   |  000 ##5  |  ##5  |  ##1 000 000 000  |  000 //
// 000  |  000 000 000 000 000 000 ##5 --- -+  ##3 --- ##3  +- --- -+  ##8 --- --- --- --- -+  ##1  +- -+   +- -+  000 000 000 000  |  000 000 000 000 000 000 000 000  |  000 000 000 000 000 000 ##5 --- -+  ##3 --- ##3  +- --- -+  ##8 --- --- --- --- -+  ##1  +- -+   +- -+  000 000 000 000  |  000 //
// 000 #37 #30 --- --- --- --- --- --- --- --- --- --- --- --- --- --- --- --- --- --- --- --- --- --- --- --- --- --- --- --- #30 #37 000 000 000 000 000 000 000 000 #37 #30 --- --- --- --- --- --- --- --- --- --- --- --- --- --- --- --- --- --- --- --- --- --- --- --- --- --- --- --- #30 #37 000 //
// 000 000 000 000 000 000 000 000 000 000 000 000 000 000 000 000 000 000 000 000 000 000 000 000 000 000 000 000 000 000 000 000 000 000 000 000 000 000 000 000 000 000 000 000 000 000 000 000 000 000 000 000 000 000 000 000 000 000 000 000 000 000 000 000 000 000 000 000 000 000 000 000 000 000 //
/////////////////////////////////////////////////////////////////////////////////////////////////////////////////////////////////////////////////////////////////////////////////////////////////////////////////////////////////////////////////////////////////////////////////////////////////////////////

/////////////////////////////////////////////////////////////////////////////////////////////////////////////////////////////////////////////////////////////////////////////////////////////////////////////////////////////////////////////////////////////////////////////////////////////////////////////
//                                                                                                                                                                                                                                                                                                         //
//     #37 #30 --- --- --- --- --- --- --- --- --- --- --- --- --- --- --- --- --- --- --- --- --- --- --- --- --- --- --- --- #30 #37                                 #37 #30 --- --- --- --- --- --- --- --- --- --- --- --- --- --- --- --- --- --- --- --- --- --- --- --- --- --- --- --- #30 #37     //
//      |                                       +- ##7 ##4 -+      ##3  +- --- --- ##8 ##4 ##4                                      |                                   |                                       +- ##7 ##4 -+      ##3  +- --- --- ##8 ##4 ##4                                      |      //
//      |                                       |  ##1 ##7  |       |   +- -+   +- -+   +- -+                                       |                                   |                                       |  ##1 ##7  |       |   +- -+   +- -+   +- -+                                       |      //
//      |                                       +- --- -+  ##4 #11 ##3 ##8 -+   |   |  #15 ##2                                      |                                   |                                       +- --- -+  ##4 #11 ##3 ##8 -+   |   |  #15 ##2                                      |      //
//      |                      ##3 --- ##3         ##1  +- --- -+  #11 -+   +- -+   |   |  ##2                                      |                                   |                      ##3 --- ##3         ##1  +- --- -+  #11 -+   +- -+   |   |  ##2                                      |      //
//      |                  ##2 ##1     ##1 ##2          +- --- --- --- -+   |  #15  +- -+                                           |                                   |                  ##2 ##1     ##1 ##2          +- --- --- --- -+   |  #15  +- -+                                           |      //
//      |              ##3 ##2             ##2 ##7 --- -+  ##4 --- --- ##4  +- -+  ##2                                              |                                   |              ##3 ##2             ##2 ##7 --- -+  ##4 --- --- ##4  +- -+  ##2                                              |      //
//      |               |                          ##1  |          ##2     ##2     ##2  +- -+                                       |                                   |               |                          ##1  |          ##2     ##2     ##2  +- -+                                       |      //
//      |              ##3                 ##3 --- ##3  |  ##5 -+  ##2 ##7 ##2 ##6 --- -+  ##6  +- ##4                              |                                   |              ##3                 ##3 --- ##3  |  ##5 -+  ##2 ##7 ##2 ##6 --- -+  ##6  +- ##4                              |      //
//      |              ##2 ##2         ##2 ##2          +- ##7  |   +- -+  ##7 ##2     ##2      +- ##4 ##2                          |                                   |              ##2 ##2         ##2 ##2          +- ##7  |   +- -+  ##7 ##2     ##2      +- ##4 ##2                          |      //
//      |                  ##4 --- --- ##4         ##7 --- -+   |   +- --- -+  ##2     ##2 ##5         ##2 ##1 ##2                  |                                   |                  ##4 --- --- ##4         ##7 --- -+   |   +- --- -+  ##2     ##2 ##5         ##2 ##1 ##2                  |      //
//      |                                      ##4 ##4 ##7  |  ##5  +- -+  ##6 -+  ##8      |  #10             ##2 ##1              |                                   |                                      ##4 ##4 ##7  |  ##5  +- -+  ##6 -+  ##8      |  #10             ##2 ##1              |      //
//      |                                  ##8  +- -+   +- -+   +- -+   |   +- -+   |       |   |  ##1                              |                                   |                                  ##8  +- -+   +- -+   +- -+   |   +- -+   |       |   |  ##1                              |      //
//      |                              ##1  +- -+  ##8 -+   +- -+  #10 -+   +- ##6  |       |   |  ##2 ##2                          |                                   |                              ##1  +- -+  ##8 -+   +- -+  #10 -+   +- ##6  |       |   |  ##2 ##2                          |      //
//      |                          ##2 ##2 #13  +- --- -+  #10  +- -+   +- --- --- -+      ##5  |  ##3 --- ##3                      |                                   |                          ##2 ##2 #13  +- --- -+  #10  +- -+   +- --- --- -+      ##5  |  ##3 --- ##3                      |      //
//      |                       +- --- -+   |   +- --- -+   +- -+   |  ##8 #12 ##1 ##4 -+       |   +- -+   +- ##3                  |                                   |                       +- --- -+   |   +- --- -+   +- -+   |  ##8 #12 ##1 ##4 -+       |   +- -+   +- ##3                  |      //
//      |                  ##2 ##6 ##6 -+   +- -+   +- -+   +- -+   +- --- -+  ##4 -+   |       |  #10  |  ##3 #10 -+               |                                   |                  ##2 ##6 ##6 -+   +- -+   +- -+   +- -+   +- --- -+  ##4 -+   |       |  #10  |  ##3 #10 -+               |      //
//      |              ##5 ##2  +- --- ##7  +- ##6  +- -+  ##2 #12     ##2     ##4 -+  ##4 ##2  |  #13  +- --- --- -+  ##2          |                                   |              ##5 ##2  +- --- ##7  +- ##6  +- -+  ##2 #12     ##2     ##4 -+  ##4 ##2  |  #13  +- --- --- -+  ##2          |      //
//      |          ##1  |  ##5  |  ##7 ##6  |   +- ##8  |  ##2         ##2         ##1 ##2 ##2  |   |  #13 -+  ##7 -+  ##2 ##3      |                                   |          ##1  |  ##5  |  ##7 ##6  |   +- ##8  |  ##2         ##2         ##1 ##2 ##2  |   |  #13 -+  ##7 -+  ##2 ##3      |      //
//      |       +- ##7  +- -+   +- -+   +- -+   +- -+  #13         ##1     ##1         ##2 #10 -+   |   +- -+   +- -+  ##3 -+       |                                   |       +- ##7  +- -+   +- -+   +- -+   +- -+  #13         ##1     ##1         ##2 #10 -+   |   +- -+   +- -+  ##3 -+       |      //
//      |       |  ##2     ##1 #11 -+  ##3 --- ##3  |  ##3 --- ##3     ##1     ##2 ##2  +- -+   +- -+   |   +- -+   +- --- --- ##7  |                                   |       |  ##2     ##1 #11 -+  ##3 --- ##3  |  ##3 --- ##3     ##1     ##2 ##2  +- -+   +- -+   |   +- -+   +- --- --- ##7  |      //
//      |  ##2  |  ##2  +- --- ##7  +- -+  ##8 --- -+  #10         ##1     ##1          |  ##8  +- --- -+  ##7  +- -+   +- --- -+   |                                   |  ##2  |  ##2  +- --- ##7  +- -+  ##8 --- -+  #10         ##1     ##1          |  ##8  +- --- -+  ##7  +- -+   +- --- -+   |      //
//      |  ##2  |       +- --- --- ##7  +- -+   +- --- -+  ##7         ##2         ##6  +- -+  ##6 --- --- -+  ##7 ##7 -+  ##7 -+   |                                   |  ##2  |       +- --- --- ##7  +- -+   +- --- -+  ##7         ##2         ##6  +- -+  ##6 --- --- -+  ##7 ##7 -+  ##7 -+   |      //
//      |  ##7 -+  ##5 --- -+   +- --- --- -+   |  ##4 -+   |  ##8     ##2     ##7  |  ##4  |  ##6 -+  ##6 -+   +- --- --- --- -+   |                                   |  ##7 -+  ##5 --- -+   +- --- --- -+   |  ##4 -+   |  ##8     ##2     ##7  |  ##4  |  ##6 -+  ##6 -+   +- --- --- --- -+   |      //
//      |  ##6 ##6     ##5 -+  #11  +- --- --- -+  ##4 -+   |   |  ##4 -+  ##7  |   |   |  ##8  +- -+  #11 -+   +- #11 #11 #11  |   |                                   |  ##6 ##6     ##5 -+  #11  +- --- --- -+  ##4 -+   |   |  ##4 -+  ##7  |   |   |  ##8  +- -+  #11 -+   +- #11 #11 #11  |   |      //
//      |   |   |  ##2 ##3 ##3 -+  #10  +- --- --- -+  ##7  |   |  ##8  |   |   |   |   +- ##4  |  ##4 ##4  +- -+   +- -+   +- -+   |                                   |   |   |  ##2 ##3 ##3 -+  #10  +- --- --- -+  ##7  |   |  ##8  |   |   |   |   +- ##4  |  ##4 ##4  +- -+   +- -+   +- -+   |      //
//      |   +- -+  ##2  +- ##3 ##3 ##8 -+  ##4 ##8 -+   +- -+   |   |  ##4  +- -+   +- ##6 ##4 ##6  +- -+  ##2  |   |  ##3 --- ##3  |                                   |   +- -+  ##2  +- ##3 ##3 ##8 -+  ##4 ##8 -+   +- -+   |   |  ##4  +- -+   +- ##6 ##4 ##6  +- -+  ##2  |   |  ##3 --- ##3  |      //
//      |  ##3 --- ##3             ##4 --- -+              ##1  +- -+              ##4 --- -+              ##2  +- -+               |                                   |  ##3 --- ##3             ##4 --- -+              ##1  +- -+              ##4 --- -+              ##2  +- -+               |      //
//      |              ##9 ##2 ##2              +- ##5 ##6             ##3 -+  ##1             ##2 ##4 -+              ##4 --- -+   |                                   |              ##9 ##2 ##2              +- ##5 ##6             ##3 -+  ##1             ##2 ##4 -+              ##4 --- -+   |      //
//      |  ##2 ##2 ##9  +- -+   +- -+  ##2 ##2  |   +- -+  ##4 -+  ##4 -+  ##3 ##4 -+  ##3 -+  ##2 ##4 -+  ##2 ##2  +- --- -+  ##4  |                                   |  ##2 ##2 ##9  +- -+   +- -+  ##2 ##2  |   +- -+  ##4 -+  ##4 -+  ##3 ##4 -+  ##3 -+  ##2 ##4 -+  ##2 ##2  +- --- -+  ##4  |      //
//      |      ##1  |   +- -+  ##7  +- -+  ##5 -+   +- -+  ##4 -+  ##4 -+  ##6 ##4 -+  ##7 ##3 ##7 -+   +- --- --- -+  ##3 #14      |                                   |      ##1  |   +- -+  ##7  +- -+  ##5 -+   +- -+  ##4 -+  ##4 -+  ##6 ##4 -+  ##7 ##3 ##7 -+   +- --- --- -+  ##3 #14      |      //
//      |           +- -+  ##3     ##7 -+  ##6 -+  ##2 ##6 ##8 -+  ##6 -+   |  #14 -+   +- --- --- -+   |  ##7 ##1      +- ##3      |                                   |           +- -+  ##3     ##7 -+  ##6 -+  ##2 ##6 ##8 -+  ##6 -+   |  #14 -+   +- --- --- -+   |  ##7 ##1      +- ##3      |      //
//      |              ##3 -+  ##1 ##6 --- --- -+  ##2  +- --- -+  ##4  +- -+   +- -+  ##2 ##2 #14  +- -+   +- --- -+  ##7          |                                   |              ##3 -+  ##1 ##6 --- --- -+  ##2  +- --- -+  ##4  +- -+   +- -+  ##2 ##2 #14  +- -+   +- --- -+  ##7          |      //
//      |                  ##2 ##2 ##3     ##1 ##8 --- -+  ##4 --- -+   +- -+   +- --- -+  ##8  +- -+  ##5     ##5  +- -+           |                                   |                  ##2 ##2 ##3     ##1 ##8 --- -+  ##4 --- -+   +- -+   +- --- -+  ##8  +- -+  ##5     ##5  +- -+           |      //
//      |                      ##3 -+  ##1  +- ##5     ##7 -+  ##7 -+  #14  +- --- --- -+   |      ##5  |  ##5  |  ##1              |                                   |                      ##3 -+  ##1  +- ##5     ##7 -+  ##7 -+  #14  +- --- --- -+   |      ##5  |  ##5  |  ##1              |      //
//      |                          ##5 --- -+  ##3 --- ##3  +- --- -+  ##8 --- --- --- --- -+  ##1  +- -+   +- -+                   |                                   |                          ##5 --- -+  ##3 --- ##3  +- --- -+  ##8 --- --- --- --- -+  ##1  +- -+   +- -+                   |      //
//     #37 #30 --- --- --- --- --- --- --- --- --- --- --- --- --- --- --- --- --- --- --- --- --- --- --- --- --- --- --- --- #30 #37                                 #37 #30 --- --- --- --- --- --- --- --- --- --- --- --- --- --- --- --- --- --- --- --- --- --- --- --- --- --- --- --- #30 #37     //
//                                                                                                                                                                                                                                                                                                         //
//     #72 --- --- --- --- --- --- --- --- --- --- --- --- --- --- --- --- --- --- --- --- --- --- --- --- --- --- --- --- --- --- --- --- --- --- --- --- --- --- --- --- --- --- --- --- --- --- --- --- --- --- --- --- --- --- --- --- --- --- --- --- --- --- --- --- --- --- --- --- --- --- #72     //
//                                                                                                                                                                                                                                                                                                         //
//     #37 #30 --- --- --- --- --- --- --- --- --- --- --- --- --- --- --- --- --- --- --- --- --- --- --- --- --- --- --- --- #30 #37                                 #37 #30 --- --- --- --- --- --- --- --- --- --- --- --- --- --- --- --- --- --- --- --- --- --- --- --- --- --- --- --- #30 #37     //
//      |                                       +- ##7 ##4 -+      ##3  +- --- --- ##8 ##4 ##4                                      |                                   |                                       +- ##7 ##4 -+      ##3  +- --- --- ##8 ##4 ##4                                      |      //
//      |                                       |  ##1 ##7  |       |   +- -+   +- -+   +- -+                                       |                                   |                                       |  ##1 ##7  |       |   +- -+   +- -+   +- -+                                       |      //
//      |                                       +- --- -+  ##4 #11 ##3 ##8 -+   |   |  #15 ##2                                      |                                   |                                       +- --- -+  ##4 #11 ##3 ##8 -+   |   |  #15 ##2                                      |      //
//      |                      ##3 --- ##3         ##1  +- --- -+  #11 -+   +- -+   |   |  ##2                                      |                                   |                      ##3 --- ##3         ##1  +- --- -+  #11 -+   +- -+   |   |  ##2                                      |      //
//      |                  ##2 ##1     ##1 ##2          +- --- --- --- -+   |  #15  +- -+                                           |                                   |                  ##2 ##1     ##1 ##2          +- --- --- --- -+   |  #15  +- -+                                           |      //
//      |              ##3 ##2             ##2 ##7 --- -+  ##4 --- --- ##4  +- -+  ##2                                              |                                   |              ##3 ##2             ##2 ##7 --- -+  ##4 --- --- ##4  +- -+  ##2                                              |      //
//      |               |                          ##1  |          ##2     ##2     ##2  +- -+                                       |                                   |               |                          ##1  |          ##2     ##2     ##2  +- -+                                       |      //
//      |              ##3                 ##3 --- ##3  |  ##5 -+  ##2 ##7 ##2 ##6 --- -+  ##6  +- ##4                              |                                   |              ##3                 ##3 --- ##3  |  ##5 -+  ##2 ##7 ##2 ##6 --- -+  ##6  +- ##4                              |      //
//      |              ##2 ##2         ##2 ##2          +- ##7  |   +- -+  ##7 ##2     ##2      +- ##4 ##2                          |                                   |              ##2 ##2         ##2 ##2          +- ##7  |   +- -+  ##7 ##2     ##2      +- ##4 ##2                          |      //
//      |                  ##4 --- --- ##4         ##7 --- -+   |   +- --- -+  ##2     ##2 ##5         ##2 ##1 ##2                  |                                   |                  ##4 --- --- ##4         ##7 --- -+   |   +- --- -+  ##2     ##2 ##5         ##2 ##1 ##2                  |      //
//      |                                      ##4 ##4 ##7  |  ##5  +- -+  ##6 -+  ##8      |  #10             ##2 ##1              |                                   |                                      ##4 ##4 ##7  |  ##5  +- -+  ##6 -+  ##8      |  #10             ##2 ##1              |      //
//      |                                  ##8  +- -+   +- -+   +- -+   |   +- -+   |       |   |  ##1                              |                                   |                                  ##8  +- -+   +- -+   +- -+   |   +- -+   |       |   |  ##1                              |      //
//      |                              ##1  +- -+  ##8 -+   +- -+  #10 -+   +- ##6  |       |   |  ##2 ##2                          |                                   |                              ##1  +- -+  ##8 -+   +- -+  #10 -+   +- ##6  |       |   |  ##2 ##2                          |      //
//      |                          ##2 ##2 #13  +- --- -+  #10  +- -+   +- --- --- -+      ##5  |  ##3 --- ##3                      |                                   |                          ##2 ##2 #13  +- --- -+  #10  +- -+   +- --- --- -+      ##5  |  ##3 --- ##3                      |      //
//      |                       +- --- -+   |   +- --- -+   +- -+   |  ##8 #12 ##1 ##4 -+       |   +- -+   +- ##3                  |                                   |                       +- --- -+   |   +- --- -+   +- -+   |  ##8 #12 ##1 ##4 -+       |   +- -+   +- ##3                  |      //
//      |                  ##2 ##6 ##6 -+   +- -+   +- -+   +- -+   +- --- -+  ##4 -+   |       |  #10  |  ##3 #10 -+               |                                   |                  ##2 ##6 ##6 -+   +- -+   +- -+   +- -+   +- --- -+  ##4 -+   |       |  #10  |  ##3 #10 -+               |      //
//      |              ##5 ##2  +- --- ##7  +- ##6  +- -+  ##2 #12     ##2     ##4 -+  ##4 ##2  |  #13  +- --- --- -+  ##2          |                                   |              ##5 ##2  +- --- ##7  +- ##6  +- -+  ##2 #12     ##2     ##4 -+  ##4 ##2  |  #13  +- --- --- -+  ##2          |      //
//      |          ##1  |  ##5  |  ##7 ##6  |   +- ##8  |  ##2         ##2         ##1 ##2 ##2  |   |  #13 -+  ##7 -+  ##2 ##3      |                                   |          ##1  |  ##5  |  ##7 ##6  |   +- ##8  |  ##2         ##2         ##1 ##2 ##2  |   |  #13 -+  ##7 -+  ##2 ##3      |      //
//      |       +- ##7  +- -+   +- -+   +- -+   +- -+  #13         ##1     ##1         ##2 #10 -+   |   +- -+   +- -+  ##3 -+       |                                   |       +- ##7  +- -+   +- -+   +- -+   +- -+  #13         ##1     ##1         ##2 #10 -+   |   +- -+   +- -+  ##3 -+       |      //
//      |       |  ##2     ##1 #11 -+  ##3 --- ##3  |  ##3 --- ##3     ##1     ##2 ##2  +- -+   +- -+   |   +- -+   +- --- --- ##7  |                                   |       |  ##2     ##1 #11 -+  ##3 --- ##3  |  ##3 --- ##3     ##1     ##2 ##2  +- -+   +- -+   |   +- -+   +- --- --- ##7  |      //
//      |  ##2  |  ##2  +- --- ##7  +- -+  ##8 --- -+  #10         ##1     ##1          |  ##8  +- --- -+  ##7  +- -+   +- --- -+   |                                   |  ##2  |  ##2  +- --- ##7  +- -+  ##8 --- -+  #10         ##1     ##1          |  ##8  +- --- -+  ##7  +- -+   +- --- -+   |      //
//      |  ##2  |       +- --- --- ##7  +- -+   +- --- -+  ##7         ##2         ##6  +- -+  ##6 --- --- -+  ##7 ##7 -+  ##7 -+   |                                   |  ##2  |       +- --- --- ##7  +- -+   +- --- -+  ##7         ##2         ##6  +- -+  ##6 --- --- -+  ##7 ##7 -+  ##7 -+   |      //
//      |  ##7 -+  ##5 --- -+   +- --- --- -+   |  ##4 -+   |  ##8     ##2     ##7  |  ##4  |  ##6 -+  ##6 -+   +- --- --- --- -+   |                                   |  ##7 -+  ##5 --- -+   +- --- --- -+   |  ##4 -+   |  ##8     ##2     ##7  |  ##4  |  ##6 -+  ##6 -+   +- --- --- --- -+   |      //
//      |  ##6 ##6     ##5 -+  #11  +- --- --- -+  ##4 -+   |   |  ##4 -+  ##7  |   |   |  ##8  +- -+  #11 -+   +- #11 #11 #11  |   |                                   |  ##6 ##6     ##5 -+  #11  +- --- --- -+  ##4 -+   |   |  ##4 -+  ##7  |   |   |  ##8  +- -+  #11 -+   +- #11 #11 #11  |   |      //
//      |   |   |  ##2 ##3 ##3 -+  #10  +- --- --- -+  ##7  |   |  ##8  |   |   |   |   +- ##4  |  ##4 ##4  +- -+   +- -+   +- -+   |                                   |   |   |  ##2 ##3 ##3 -+  #10  +- --- --- -+  ##7  |   |  ##8  |   |   |   |   +- ##4  |  ##4 ##4  +- -+   +- -+   +- -+   |      //
//      |   +- -+  ##2  +- ##3 ##3 ##8 -+  ##4 ##8 -+   +- -+   |   |  ##4  +- -+   +- ##6 ##4 ##6  +- -+  ##2  |   |  ##3 --- ##3  |                                   |   +- -+  ##2  +- ##3 ##3 ##8 -+  ##4 ##8 -+   +- -+   |   |  ##4  +- -+   +- ##6 ##4 ##6  +- -+  ##2  |   |  ##3 --- ##3  |      //
//      |  ##3 --- ##3             ##4 --- -+              ##1  +- -+              ##4 --- -+              ##2  +- -+               |                                   |  ##3 --- ##3             ##4 --- -+              ##1  +- -+              ##4 --- -+              ##2  +- -+               |      //
//      |              ##9 ##2 ##2              +- ##5 ##6             ##3 -+  ##1             ##2 ##4 -+              ##4 --- -+   |                                   |              ##9 ##2 ##2              +- ##5 ##6             ##3 -+  ##1             ##2 ##4 -+              ##4 --- -+   |      //
//      |  ##2 ##2 ##9  +- -+   +- -+  ##2 ##2  |   +- -+  ##4 -+  ##4 -+  ##3 ##4 -+  ##3 -+  ##2 ##4 -+  ##2 ##2  +- --- -+  ##4  |                                   |  ##2 ##2 ##9  +- -+   +- -+  ##2 ##2  |   +- -+  ##4 -+  ##4 -+  ##3 ##4 -+  ##3 -+  ##2 ##4 -+  ##2 ##2  +- --- -+  ##4  |      //
//      |      ##1  |   +- -+  ##7  +- -+  ##5 -+   +- -+  ##4 -+  ##4 -+  ##6 ##4 -+  ##7 ##3 ##7 -+   +- --- --- -+  ##3 #14      |                                   |      ##1  |   +- -+  ##7  +- -+  ##5 -+   +- -+  ##4 -+  ##4 -+  ##6 ##4 -+  ##7 ##3 ##7 -+   +- --- --- -+  ##3 #14      |      //
//      |           +- -+  ##3     ##7 -+  ##6 -+  ##2 ##6 ##8 -+  ##6 -+   |  #14 -+   +- --- --- -+   |  ##7 ##1      +- ##3      |                                   |           +- -+  ##3     ##7 -+  ##6 -+  ##2 ##6 ##8 -+  ##6 -+   |  #14 -+   +- --- --- -+   |  ##7 ##1      +- ##3      |      //
//      |              ##3 -+  ##1 ##6 --- --- -+  ##2  +- --- -+  ##4  +- -+   +- -+  ##2 ##2 #14  +- -+   +- --- -+  ##7          |                                   |              ##3 -+  ##1 ##6 --- --- -+  ##2  +- --- -+  ##4  +- -+   +- -+  ##2 ##2 #14  +- -+   +- --- -+  ##7          |      //
//      |                  ##2 ##2 ##3     ##1 ##8 --- -+  ##4 --- -+   +- -+   +- --- -+  ##8  +- -+  ##5     ##5  +- -+           |                                   |                  ##2 ##2 ##3     ##1 ##8 --- -+  ##4 --- -+   +- -+   +- --- -+  ##8  +- -+  ##5     ##5  +- -+           |      //
//      |                      ##3 -+  ##1  +- ##5     ##7 -+  ##7 -+  #14  +- --- --- -+   |      ##5  |  ##5  |  ##1              |                                   |                      ##3 -+  ##1  +- ##5     ##7 -+  ##7 -+  #14  +- --- --- -+   |      ##5  |  ##5  |  ##1              |      //
//      |                          ##5 --- -+  ##3 --- ##3  +- --- -+  ##8 --- --- --- --- -+  ##1  +- -+   +- -+                   |                                   |                          ##5 --- -+  ##3 --- ##3  +- --- -+  ##8 --- --- --- --- -+  ##1  +- -+   +- -+                   |      //
//     #37 #30 --- --- --- --- --- --- --- --- --- --- --- --- --- --- --- --- --- --- --- --- --- --- --- --- --- --- --- --- #30 #37                                 #37 #30 --- --- --- --- --- --- --- --- --- --- --- --- --- --- --- --- --- --- --- --- --- --- --- --- --- --- --- --- #30 #37     //
//                                                                                                                                                                                                                                                                                                         //
/////////////////////////////////////////////////////////////////////////////////////////////////////////////////////////////////////////////////////////////////////////////////////////////////////////////////////////////////////////////////////////////////////////////////////////////////////////////
